10
8.50001
7.65
8.70001
0
0
0
-98.815
-3.05176e-05
102.512
6
1
0
0
0
0
1
0
0
0
0
1
0
631.765
84.027
431.05
1
2
2
2
1
0
0
0
0
1
0
0
0
0
1
0
0
0
0
1
2
2
2
1
0
0
0
0
1
0
0
0
0
1
0
0
0
0
1
2
2
2
1
0
0
0
0
1
0
0
0
0
1
0
0
0
0
1
2
2
2
1
0
0
0
0
1
0
0
0
0
1
0
11.55
10.7
0.65
1
12.7
12.85
1.05
1
0
0
0
0
1
0
0
0
0
1
0
0.199962
293.34
2197.12
1
0.75
17.75
14.05
10
8.35
8.15
8.6
0
-181
0
97.9214
0.629948
-89.358
6
1
0
0
0
0
1
0
0
0
0
1
0
0
0
0
1
2
2
2
1
0
0
0
0
1
0
0
0
0
1
0
0
0
0
1
2
2
2
1
0
0
0
0
1
0
0
0
0
1
0
0
0
0
1
2
2
2
1
0
0
0
0
1
0
0
0
0
1
0
0
0
0
1
2
2
2
1
0
0
0
0
1
0
0
0
0
1
0
-0.6
8.45001
-11.2
1
1.4
14.95
12.7
1
0
0
0
0
1
0
0
0
0
1
0
12.1
10.35
0.9
1
12.2
13.1
1.3
1
8.4
1
8.25001
0
0
0
-103.167
1.52588e-05
213.325
6
1
0
0
0
0
1
0
0
0
0
1
0
0
0
0
1
2
2
2
1
0
0
0
0
1
0
0
0
0
1
0
0
0
0
1
2
2
2
1
0
0
0
0
1
0
0
0
0
1
0
0
0
0
1
2
2
2
1
0
0
0
0
1
0
0
0
0
1
0
0
0
0
1
2
2
2
1
0
0
0
0
1
0
0
0
0
1
0
1254.01
17.1492
1313.15
1
12.05
2.15
11.9
1
0
0
0
0
1
0
0
0
0
1
0
0
16
0
1
2
2
2
1
8.4
1
8.25001
0
0
0
-113.167
1.52588e-05
180.476
6
1
0
0
0
0
1
0
0
0
0
1
0
0
0
0
1
2
2
2
1
0
0
0
0
1
0
0
0
0
1
0
0
0
0
1
2
2
2
1
0
0
0
0
1
0
0
0
0
1
0
0
0
0
1
2
2
2
1
0
0
0
0
1
0
0
0
0
1
0
0
0
0
1
2
2
2
1
0
0
0
0
1
0
0
0
0
1
0
0
0
0
1
2
2
2
1
0
0
0
0
1
0
0
0
0
1
0
0
0
0
1
2
2
2
34
3.4
2.8
1.55
0
0
0
-1.99755
6.05729
4.31101
4
1
0
0
0
0
1
0
0
0
0
1
0
0
0
0
1
2
2
2
0.999476
-0.0304045
-0.0110547
0
-0.0252153
-0.946194
0.322582
0
-0.0202677
-0.322134
-0.946466
0
727.739
7.02235
672.102
1
-8.95
7.55001
-31.2502
1
0
0
0
0
1
0
0
0
0
1
0
-1.89999
-2992.8
3892.04
1
9.25
2
9.95
1
0
0
0
0
1
0
0
0
0
1
0
-1.38303
22.1
24.2238
1
8
2
7.85
34
3.4
2.8
1.55
0
0
0
11.3387
6.05729
-26.3911
3
1
0
0
0
0
1
0
0
0
0
1
0
0
0
0
1
2
2
2
1
0
0
0
0
1
0
0
0
0
1
0
0
0
0
1
2
2
2
1
0
0
0
0
1
0
0
0
0
1
0
0
0
0
1
2
2
2
