0
1
1
1
0
0
0
-114.501
9.26599
9.6792
112
1
0
0
0
0
1
0
0
0
0
1
0
0
0
0
1
2
2
2
1
0
0
0
0
1
0
0
0
0
1
0
0
0
0
1
2
2
2
1
0
0
0
0
1
0
0
0
0
1
0
0
0
0
1
2
2
2
1
0
0
0
0
1
0
0
0
0
1
0
0
0
0
1
2
2
2
1
0
0
0
0
1
0
0
0
0
1
0
0
0
0
1
2
2
2
0.999848
0
0.0174524
0
0
1
0
0
-0.0174524
0
0.999848
0
93
-12
-153
1
170
50
2
1
0
0
0
0
1
0
0
0
0
1
0
-402
-36
-250.5
1
14
66.5
137
0.999979
0.00653768
0.00155652
0
-0.0065672
0.901448
0.432841
0
0.0014267
-0.432841
0.90147
0
-45
0
-474
1
12
2
44
0.999846
0.00243447
0.0174099
0
-0.0018265
0.999391
-0.0348517
0
-0.0174842
0.0348145
0.999241
0
30
0
-432
1
92
2
24
0.999848
0
0.0174524
0
0
1
0
0
-0.0174524
0
0.999848
0
30
21
-567
1
98
2
42
0.999848
0
0.0174524
0
0
1
0
0
-0.0174524
0
0.999848
0
414
-3
-270
1
292
2
424
1
0
0
0
0
1
0
0
0
0
1
0
120
0
-1032
1
594
2
338
1
0
0
0
0
1
0
0
0
0
1
0
-354
-11.747
-608.346
1
284
6
762
0.999848
0
0.0174524
0
0
1
0
0
-0.0174524
0
0.999848
0
30
0
-489
1
58
2
38
0.999848
0
0.0174524
0
0
1
0
0
-0.0174524
0
0.999848
0
24
0
-153
1
124
2
304
1
0
0
0
0
1
0
0
0
0
1
0
108
21
-516
1
14
2
10
1
0
0
0
0
1
0
0
0
0
1
0
-48
21
-519
1
14
2
10
1
0
0
0
0
1
0
0
0
0
1
0
-88.5
0
-150
1
18.5
29
45.5
1
0
0
0
0
1
0
0
0
0
1
0
-240
-69
-123
1
170
100
16
1
0
0
0
0
1
0
0
0
0
1
0
-103.5
10.5
-319.5
1
8
20
59
1
0
0
0
0
1
0
0
0
0
1
0
57
13.5
-268.5
1
8
30.5
17
1
0
0
0
0
1
0
0
0
0
1
0
-18
16.5
-285
1
83
23
3.5
1
0
0
0
0
1
0
0
0
0
1
0
127.5
-12
-262.5
1
30.5
42.5
23
1
0
0
0
0
1
0
0
0
0
1
0
-165
-10.5
-372
1
73
42.5
5.5
1
0
0
0
0
1
0
0
0
0
1
0
-432
-15
-378
1
125
45.5
9.5
1
0
0
0
0
1
0
0
0
0
1
0
-294
-15
-456
1
13
44
86.5
0.99957
0.0110762
0.0271031
0
-0.0119774
0.999372
0.0333174
0
-0.0267167
-0.0336276
0.999074
0
-550.5
-9
-528
1
15.5
60.5
159.5
1
0
0
0
0
1
0
0
0
0
1
0
-115.5
-15
-604.5
1
13
81.5
109
1
0
0
0
0
1
0
0
0
0
1
0
-429
-13.5
-681
1
144.5
44
6.5
1
0
0
0
0
1
0
0
0
0
1
0
157.5
-15
-481.5
1
2
77
207.5
1
0
0
0
0
1
0
0
0
0
1
0
268.5
-15
-291
1
2
51.5
44
1
0
0
0
0
1
0
0
0
0
1
0
298.5
-96
-342
1
36.5
129.5
8
1
0
0
0
0
1
0
0
0
0
1
0
333
-16.5
-520.5
1
5
47
176
1
0
0
0
0
1
0
0
0
0
1
0
360
-45
-817.5
1
21.5
78.5
180.5
1
0
0
0
0
1
0
0
0
0
1
0
138
-12
-987
1
246.5
48.5
17
1
0
0
0
0
1
0
0
0
0
1
0
-96
-15
-898.5
1
15.5
48.5
93.5
1
0
0
0
0
1
0
0
0
0
1
0
-295.5
-1.5
-741
1
14.5
35
76
1
0
0
0
0
1
0
0
0
0
1
0
-183
-12
-802.5
1
104
44
11
1
0
0
0
0
1
0
0
0
0
1
0
285
-31.5
-679.5
1
47
69.5
15.5
1
0
0
0
0
1
0
0
0
0
1
0
31.5
-12
-687
1
137
41
15.5
0.999657
0
0.0261769
0
0
1
0
0
-0.0261769
0
0.999657
0
28.5
-19.5
-394.5
1
98
57.5
12.5
1
0
0
0
0
1
0
0
0
0
1
0
123
12
-516
1
2
33.5
89
1
0
0
0
0
1
0
0
0
0
1
0
-66
-12
-531
1
2
50
98
0.999048
9.31003e-10
0.0436194
0
-4.65661e-09
1
4.07454e-10
0
-0.0436194
2.43792e-11
0.999048
0
-78
39
-567
1
20
20
41
0.999962
0
-0.00872653
0
0
1
0
0
0.00872653
0
0.999962
0
139.5
45
-565.5
1
17
23
41
0.999657
0
0.0261769
0
0
1
0
0
-0.0261769
0
0.999657
0
-39
19.5
-609
1
56.5
32
2.5
0.999657
0
0.0261769
0
0
1
0
0
-0.0261769
0
0.999657
0
102
21
-606
1
53
32
2
1
0
0
0
0
1
0
0
0
0
1
0
33
-9
-564
1
92
2
41
0.999962
-0.00262412
-0.00832264
0
-7.61524e-05
0.951056
-0.309016
0
0.0087262
0.309005
0.95102
0
34.5
-27
-658.5
1
27.5
2
54.5
1
0
0
0
0
0.906307
0.422618
0
0
-0.422618
0.906307
0
105
0
-469.5
1
14
2
50
1
0
0
0
0
1
0
0
0
0
1
0
-6
-9
-522
1
21.5
32
0.5
0.999848
0
0.0174524
0
0
1
0
0
-0.0174524
0
0.999848
0
69
4.5
-522
1
23.5
18.5
2.5
0.999848
0
0.0174524
0
0
1
0
0
-0.0174524
0
0.999848
0
69
4.5
-522
1
2
2
2
0.999848
0
0.0174524
0
0
1
0
0
-0.0174524
0
0.999848
0
69
4.5
-522
1
2
2
2
0.999848
0
0.0174524
0
0
1
0
0
-0.0174524
0
0.999848
0
112.5
-84
-711
1
41
75.5
15.5
0.999848
0
0.0174524
0
0
1
0
0
-0.0174524
0
0.999848
0
-34.5
-84
-712.5
1
41
75.5
14
0.999848
0
0.0174524
0
-0.0167763
0.275637
0.961114
0
-0.00481053
-0.961259
0.275595
0
39
-34.5
-705
1
33.5
56
8
0.999848
0
0.0174524
0
-0.0167763
0.275637
0.961114
0
-0.00481053
-0.961259
0.275595
0
37.5
-76.5
-733.5
1
36.5
2
36.5
0.999966
0.00475648
-0.00672266
0
-0.00485001
0.999887
-0.0139289
0
0.00665585
0.0139612
0.999877
0
-52.5
-117
-838.5
1
2.5
110.5
116
0.995827
-0.0911004
-0.00535669
0
0.0911171
0.995832
0.00294338
0
0.0050664
-0.00341903
0.999978
0
153
-72
-912
1
3.5
60.5
197
0.999698
-0.0127456
0.0209882
0
0.0127209
0.999914
0.00130065
0
-0.021003
-0.00103311
0.999775
0
16.5
-63
-949.5
1
80
50
3.5
0.999698
-0.0127456
0.0209882
0
0.0127209
0.999914
0.00130065
0
-0.021003
-0.00103311
0.999775
0
-138
-240
-985.5
1
9.5
159.5
141.5
0.999698
-0.0127456
0.0209882
0
0.0127209
0.999914
0.00130065
0
-0.021003
-0.00103311
0.999775
0
142.5
-148.5
-1062
1
11
63.5
69.5
0.999698
-0.0127456
0.0209882
0
0.0127209
0.999914
0.00130065
0
-0.021003
-0.00103311
0.999775
0
13.5
-148.5
-1114.5
1
147.5
63.5
14
0.999698
-0.0127456
0.0209882
0
0.0127209
0.999914
0.00130065
0
-0.021003
-0.00103311
0.999775
0
51
-79.5
-823.5
1
102.5
0.5
122
0.999698
-0.0127456
0.0209882
0
0.0127209
0.999914
0.00130065
0
-0.021003
-0.00103311
0.999775
0
129
-79.5
-966
1
27.5
0.5
33.5
0.961232
0.275681
-0.00495234
0
-0.275663
0.961238
0.00430515
0
0.00594718
-0.00277279
0.999972
0
34.5
-108
-978
1
92
5
26
0.956089
-0.291951
-0.0255038
0
0.292649
0.955736
0.0301795
0
0.0155641
-0.0363178
0.999212
0
34.5
-150
-927
1
81.5
5
26
0.998996
0.0351252
-0.0275831
0
-0.0347418
0.999284
0.0143007
0
0.028066
-0.0133279
0.999509
0
-52.5
-126
-954
1
20
2
51.5
0.999586
0.027231
-0.0083866
0
-0.0262007
0.994102
0.105129
0
0.0112002
-0.104866
0.994414
0
1.5
-156
-1036.5
1
126.5
0.5
90.5
1
0
0
0
0
1
0
0
0
0
1
0
117
-165
-925.5
1
15.5
2
27.5
1
0
0
0
0
1
0
0
0
0
1
0
-102
-165
-946.5
1
26
2
56
1
0
0
0
0
1
0
0
0
0
1
0
-102
-162
-822
1
38
68
3.5
1
0
0
0
0
1
0
0
0
0
1
0
-96
-234
-894
1
38
68
3.5
1
0
0
0
0
1
0
0
0
0
1
0
-57
-234
-862.5
1
3.5
68
56
0.999962
-0.00869962
0.000684672
0
0.00872654
0.996879
-0.078456
0
0
0.0784591
0.996917
0
-57
-228
-501
1
3.5
47
326
0.999962
-0.00869962
0.000684672
0
0.00872654
0.996879
-0.078456
0
0
0.0784591
0.996917
0
-129
-228
-501
1
5
47
326
0.999999
-1.32805e-05
-0.000151725
0
3.98802e-06
0.998133
-0.0610479
0
0.000152255
0.0610479
0.998134
0
-91.5
-268.5
-514.5
1
30.5
2
351.5
1
0
0
0
0
1
0
0
0
0
1
0
-99
-252
-109.5
1
83
2
60.5
1
0
0
0
0
0.848046
0.529918
0
0
-0.529918
0.848046
0
-103.5
-430.5
204
1
83
0.5
326
1
0
0
0
0
0.999845
0.0174523
0
0
-0.0174523
0.999845
0
-49.5
-508.5
799.5
1
93.5
11
170
0.958819
-0.00204397
0.284009
0
-0.000456712
0.999959
0.0087384
0
-0.284017
-0.00850824
0.958778
0
-174
-508.5
739.5
1
93.5
11
170
1
0
0
0
0
0.999845
0.0174523
0
0
-0.0174523
0.999845
0
-361.5
-508.5
720
1
63.5
11
251
1
0
0
0
0
0.999845
0.0174523
0
0
-0.0174523
0.999845
0
-463.5
-508.5
645
1
53
11
195.5
1
0
0
0
0
0.999845
0.0174523
0
0
-0.0174523
0.999845
0
-162
-508.5
507
1
215
11
59
1
0
0
0
0
0.999845
0.0174523
0
0
-0.0174523
0.999845
0
-57
-508.5
666
1
182
11
122
0.16457
0.0295784
-0.985917
0
0.0481764
0.998112
0.0379856
0
0.985185
-0.0537486
0.162835
0
-139.5
-508.5
406.5
1
102.5
11
80
1
0
0
0
0
1
0
0
0
0
1
0
-22.5
-273
-168
1
35
128
2
1
0
0
0
0
1
0
0
0
0
1
0
-163.5
-273
-168
1
35
128
2
1
0
0
0
0
1
0
0
0
0
1
0
-184.5
-273
-105
1
2
101
50
1
0
0
0
0
1
0
0
0
0
1
0
-18
-273
-105
1
2
101
50
1
0
0
0
0
1
0
0
0
0
1
0
-172.5
-273
7.5
1
2
156.5
89
0.92629
0.375001
0.0368664
0
-0.357383
0.905331
-0.229456
0
-0.119423
0.199368
0.972619
0
-189
-334.5
207
1
9.5
141.5
125
0.967106
-0.224951
0.118746
0
0.223274
0.974369
0.0274146
0
-0.121869
0
0.992546
0
4.5
-348
232.5
1
24.5
149
110
0.963062
-0.241922
0.118249
0
0.240118
0.970295
0.0294828
0
-0.121869
0
0.992546
0
4.5
-334.5
19.5
1
9.5
141.5
125
0.99023
-0.00842916
-0.139178
0
0.00866152
0.999962
0.00106349
0
0.139163
-0.00225859
0.990266
0
81
-411
525
1
11
144.5
60.5
0.861625
0.00531235
-0.507514
0
0.0166501
0.99911
0.0387256
0
0.507269
-0.0418171
0.86077
0
106.5
-385.5
603
1
11
141.5
51.5
0.992546
0
0.121869
0
0
1
0
0
-0.121869
0
0.992546
0
109.5
-361.5
676.5
1
9.5
141.5
50
0.833885
0
0.551936
0
0
1
0
0
-0.551936
0
0.833885
0
79.5
-334.5
753
1
11
141.5
50
0.917059
0
0.398749
0
0
1
0
0
-0.398749
0
0.917059
0
22.5
-334.5
847.5
1
12.5
141.5
68
0.479481
0.874618
-0.0716591
0
0.865006
-0.484808
-0.129276
0
-0.147809
0
-0.989011
0
-37.5
-357
957
1
11.5
95
93.5
0.872641
0.11257
-0.475201
0
-0.0593436
0.990302
0.125615
0
0.484733
-0.0814169
0.87086
0
-94.5
-381
976.5
1
12.5
141.5
69.5
-0.0261724
0.00868635
0.999617
0
0.00106349
0.999962
-0.00866148
0
-0.999654
0.000836401
-0.0261803
0
-172.5
-334.5
898.5
1
12.5
132.5
50
-0.608759
0
0.793351
0
0
1
0
0
-0.793351
0
-0.608759
0
-243
-388.5
876
1
14
141.5
53
0.803856
0
0.594822
0
0
1
0
0
-0.594822
0
0.803856
0
-316.5
-402
889.5
1
12.5
141.5
75.5
-0.241916
-0.00106349
0.97029
0
-0.00866142
0.999961
-0.0010635
0
-0.970252
-0.0086615
-0.241916
0
-385.5
-385.5
925.5
1
12.5
141.5
50
0.909958
0
-0.414692
0
0
1
0
0
0.414692
0
0.909958
0
-448.5
-468
847.5
1
11
257
69.5
0.798477
0.0424077
-0.600527
0
-0.00743992
0.998134
0.0605935
0
0.601978
-0.0439144
0.797302
0
-501
-339
754.5
1
12.5
141.5
50
0.992546
0
0.121869
0
0
1
0
0
-0.121869
0
0.992546
0
-501
-403.5
588
1
12.5
141.5
141.5
0.551936
0
0.833884
0
0
1
0
0
-0.833884
0
0.551936
0
-391.5
-334.5
460.5
1
12.5
141.5
77
0.700908
0
0.713249
0
0
1
0
0
-0.713249
0
0.700908
0
-280.5
-390
366
1
9.5
141.5
84.5
0.923876
0.00429715
-0.382664
0
-0.0010635
0.999962
0.00866149
0
0.382687
-0.00759519
0.923846
0
3
-393
397.5
1
11
141.5
66.5
